----Area (px)---
A_mu: 12632.9793814433
A_sigma: 4971.735968015331
----Gamma Function (Movement)----
k: 1.3788398641682416
theta: 6.949235297634415
----Image Shape----
Shape: (512, 512)
----Radii (px)----
r_cond: 15
r: 63
